 	label	size of cluster	
           1        3938
           2           4
           3       20069
          12           6
          13          16
          22           3
          23          52
          25         132
          29           8
          30          13
          31          35
          37          30
          40          12
          42          26
          44           2
          45          30
          46           3
          47          87
          49          56
          50           5
          53          12
          54          12
          55           2
          61          27
          63          12
          65       93399
          71          71
          73           5
          75           4
          76           6
          85           8
          88          22
          94           7
          95           2
          99           2
         101           5
         102          22
         103           2
         104           5
         106           2
         107           3
         108           3
         109          16
         113          22
         116           7
         124           2
         126           3
         132           3
         133           2
         134          11
         135           7
         144           2
         145          10
         147           2
         148           2
         154           3
         162           2
         165          11
         166           2
         167          17
         168          36
         171           4
         173           3
         174           4
         175           3
         182           7
         185           5
         192           2
         200           5
         201          15
         208           2
         215          11
         216           3
         227           2
         228           3
         230           2
         232           6
         238           5
         242          13
         246           2
         249           2
         256          19
         257           3
         260           3
         272          21
         277          19
         278          11
         284           3
         294           2
         296          23
         300           3
         306           6
         319           2
         321           6
         323          35
         329          22
         330           5
         334         119
         342         102
         352           8
         353          14
         362           3
         370           8
         371          19
         373           3
         374           5
         378           7
         380           2
         385           3
         405          18
         406          10
         413           4
         415           2
         418           3
         420          19
         431           2
         435           2
         440           3
         442           3
         447           3
         448           6
         449           3
         451          22
         468           2
         476           6
         488           2
         497          13
         512           6
         513           2
         514           2
         517          32
         520           5
         523          46
         528          23
         529           2
         536           2
         545           2
         548           3
         553           7
         555           2
         559          38
         563           2
         565           2
         566           2
         567           2
         573           6
         574           3
         575          15
         584           3
         585           5
         586          22
         587          17
         590           3
         601           3
         604           6
         612          13
         613           2
         615           2
         616           6
         617           2
         621         185
         630           3
         641           3
         645           6
         647           2
         652          10
         654          27
         663           5
         664           9
         681          14
         682           6
         687           4
         689           9
         691          11
         698          18
         700           8
         705           4
         708           3
         713           4
         714          66
         715           5
         716           3
         718           2
         724           9
         726           8
         728           5
         732           2
         746           4
         775           2
         780           2
         786           2
         792           3
         797           2
         804           4
         810           2
         821          19
         822           2
         826           3
         827           2
         842           4
         847           4
         852           7
         853           3
         856           7
         859           7
         869           2
         872           3
         873           2
         883          19
         887           9
         890           2
         892           4
         901           2
         906           4
         915           2
         919           8
         923           3
         924          15
         929           2
         933          23
         934          24
         935           7
         936           2
         938          63
         944           4
         948           2
         953           2
         954           6
         955           2
         958         138
         959          14
         964           2
         965          11
         969           5
         979           2
         984           2
         992           7
         999           6
        1000           2
        1001           2
        1003           2
        1006           2
        1007         114
        1009          16
        1014           6
        1016           5
        1019           2
        1021           7
        1029           4
        1031           2
        1032           4
        1044           4
        1049           2
        1050          39
        1054           8
        1055           2
        1058           2
        1079           2
        1092          25
        1103           2
        1104           2
        1115          20
        1116           3
        1121           2
        1123          12
        1126          10
        1131           2
        1132           3
        1142           5
        1154           2
        1156           2
        1157           3
        1165           3
        1172           5
        1176          28
        1178           2
        1180           2
        1194          90
        1201           2
        1208           3
        1210           5
        1213          27
        1215           2
        1219           2
        1228           5
        1229           7
        1243          58
        1245           2
        1247           3
        1252           3
        1264          16
        1272          23
        1275           6
        1296           3
        1297           3
        1313           2
        1319           2
        1320           3
        1332           2
        1333           2
        1335           5
        1339           4
        1346           2
        1354           2
        1357           2
        1362           5
        1365           3
        1374          12
        1375           4
        1388           5
        1389           2
        1393           3
        1397           2
        1403           2
        1405           3
        1409           2
        1419          10
        1425          11
        1428           2
        1431          27
        1434           4
        1439           5
        1442           2
        1446           3
        1455          35
        1459           2
        1460           3
        1461           2
        1463          32
        1466           5
        1468           4
        1470           7
        1475           2
        1481           2
        1483           6
        1484           2
        1485           5
        1488           6
        1490           2
        1492           2
        1497           2
        1501           5
        1511          23
        1516          91
        1517           4
        1518           4
        1519          48
        1537           3
        1539          16
        1549           2
        1550           4
        1551           2
        1555           5
        1558           5
        1567           4
        1571           3
        1574           4
        1582          18
        1594           3
        1597           2
        1599           2
        1602           3
        1616           3
        1617           2
        1618          65
        1620           2
        1621           6
        1631           2
        1632           5
        1634          58
        1635           3
        1637          82
        1643           2
        1651           2
        1654           2
        1661           2
        1664           5
        1665         190
        1666           3
        1669           5
        1680          32
        1682           2
        1683           8
        1685           4
        1687           2
        1689          14
        1691           3
        1702           3
        1705           2
        1709           2
        1711          10
        1713           8
        1724          12
        1730           2
        1731          73
        1733           7
        1741           3
        1747           2
        1761          70
        1762           2
        1764           4
        1767           7
        1774           4
        1776          11
        1777          39
        1779          10
        1790           2
        1794           2
        1801           2
        1804           4
        1806           4
        1807           4
        1808           6
        1810          26
        1813           7
        1814           5
        1829           2
        1830           3
        1832           7
        1833           3
        1837           3
        1841           3
        1850           3
        1852           6
        1856           2
        1857           3
        1862           2
        1863           4
        1866           6
        1867           5
        1868           2
        1874           3
        1876           8
        1885           3
        1886          18
        1888           2
        1893          39
        1894           6
        1898          28
        1909           7
        1911          30
        1918           4
        1920           3
        1922         589
        1927           3
        1929           8
        1934           4
        1938           2
        1941           6
        1945          23
        1949           6
        1960          12
        1961          12
        1969         107
        1977           4
        1978           3
        1983           4
        1984           4
        1989           2
        1994           6
        1995          14
        1996           2
        1997           2
        2001           3
        2004           3
        2008           7
        2009          24
        2010           3
        2023           4
        2026           2
        2029           2
        2032           2
        2034           4
        2035           3
        2052          12
        2054          12
        2055           3
        2057           6
        2059           5
        2061           2
        2062        1040
        2067           4
        2070           3
        2071           2
        2073           3
        2081           8
        2092           2
        2102          16
        2118           6
        2121           3
        2122           3
        2123           4
        2124          43
        2129           4
        2131          17
        2134           2
        2140           8
        2146          17
        2148           8
        2152           7
        2158           5
        2170           5
        2171           4
        2172           3
        2174          68
        2176           2
        2184          33
        2187           2
        2188           2
        2192           2
        2195           3
        2202          20
        2208           2
        2209           3
        2212          19
        2219           4
        2222           3
        2227           3
        2249           2
        2253          17
        2257           4
        2263           2
        2268           3
        2269           2
        2270           2
        2272           2
        2278           4
        2279          15
        2280         104
        2281           3
        2282           2
        2283          58
        2284           3
        2288           8
        2290           2
        2297           7
        2305           2
        2312           2
        2314           3
        2315           4
        2318          39
        2320          11
        2321           2
        2322           2
        2323           2
        2336           3
        2339          25
        2341           2
        2342           6
        2349           2
        2355           2
        2357          19
        2363           2
        2365           4
        2366          26
        2369           9
        2371          22
        2372           3
        2373           6
        2375           3
        2377           2
        2385           4
        2393           8
        2394          22
        2403           2
        2404           3
        2405           4
        2411           2
        2414          16
        2417          10
        2418           2
        2426           6
        2430           3
        2433           9
        2443           2
        2447           3
        2448           9
        2449           3
        2458           3
        2460           2
        2466           2
        2474           2
        2477           3
        2478           7
        2480           9
        2481           7
        2482           2
        2483           5
        2485           4
        2488           3
        2489           2
        2490           3
        2491           2
        2499           5
        2500           2
        2504          26
        2507          19
        2512           4
        2513           3
        2514          15
        2520           4
        2528           2
        2532           4
        2539           6
        2541           9
        2542           3
        2544           4
        2546           5
        2547           6
        2548           2
        2552           8
        2558           2
        2565          15
        2566           3
        2568           6
        2575          10
        2576           6
        2577           2
        2578           2
        2582           2
        2589           8
        2591           2
        2593          17
        2594           2
        2599           2
        2600          21
        2620           3
        2622          11
        2632           6
        2636           4
        2638          17
        2642           4
        2643          67
        2645           4
        2656           2
        2657           6
        2667           6
        2668           2
        2669           2
        2671          20
        2682          26
        2686           3
        2689           2
        2690           5
        2693           2
        2697           2
        2703           4
        2706           2
        2711           2
        2712          25
        2717          42
        2719          28
        2722           9
        2723           3
        2728           4
        2737           6
        2741           4
        2743           4
        2750           2
        2757          17
        2758           2
        2763           2
        2764           7
        2768           6
        2769          21
        2772           2
        2775           3
        2777           9
        2780         104
        2781           2
        2782           4
        2785           5
        2797           7
        2803           4
        2804          46
        2807           2
        2808           4
        2810           5
        2812           4
        2813          46
        2824           6
        2828           3
        2831          23
        2851          15
        2852           4
        2858           2
        2868           2
        2874           2
        2882          10
        2886           2
        2897           2
        2898           2
        2903           6
        2904           3
        2906           2
        2907           7
        2909           4
        2911           3
        2913           2
        2914           3
        2917           2
        2920           5
        2924           7
        2926           8
        2927          18
        2938           2
        2942           2
        2945           3
        2946          15
        2959           3
        2961          21
        2962           3
        2963           2
        2967           6
        2972           4
        2974           4
        2979           2
        2985           3
        2990           9
        2991          13
        2995           6
        2996           5
        3002           3
        3006           7
        3013           4
        3015          10
        3020          19
        3021           2
        3026          39
        3028           4
        3029          16
        3030          25
        3037           5
        3038           2
        3040           2
        3042           5
        3044          10
        3051           2
        3053           2
        3055           5
        3057          16
        3059           5
        3064           7
        3065           4
        3069           2
        3070           8
        3074           8
        3080           2
        3083           3
        3085           2
        3088           3
        3094          13
        3099           5
        3101           4
        3105          54
        3108          26
        3109           4
        3110          38
        3111           5
        3117          16
        3129           5
        3131           3
        3151           3
        3152          16
        3153          31
        3169           2
        3175           3
        3176          13
        3182           2
        3186           3
        3191           7
        3194           6
        3195           2
        3197           2
        3202           2
        3209           3
        3216           6
        3217           8
        3220           2
        3223          69
        3224           2
        3235           2
        3236           4
        3238           5
        3240           3
        3242           2
        3243           2
        3244           3
        3245           2
        3246          11
        3247           2
        3262           3
        3264          19
        3270           2
        3272           2
        3277           4
        3280           2
        3282           7
        3285           5
        3286          12
        3288           5
        3291           2
        3295           2
        3303           4
        3305           5
        3307           7
        3310           3
        3311           2
        3319           5
        3321           8
        3322           3
        3335           9
        3340          12
        3341          16
        3347           3
        3352           2
        3356           3
        3357           2
        3361          11
        3363           2
        3366           5
        3369         133
        3376           2
        3381           3
        3385           2
        3395           5
        3397           3
        3398          17
        3404           2
        3405           2
        3408           7
        3410          12
        3412           6
        3414           2
        3416           5
        3422           9
        3426           3
        3427           3
        3431          20
        3432           2
        3437         290
        3441          16
        3444           4
        3449           3
        3451           4
        3457           4
        3459           4
        3465           2
        3466           2
        3470           2
        3490           2
        3491           3
        3500           2
        3501           2
        3511           2
        3515           7
        3520           3
        3527           5
        3530           2
        3535           2
        3536           2
        3537           2
        3538          14
        3539           2
        3544          48
        3549           6
        3551          20
        3553           2
        3557           5
        3559           5
        3566           2
        3570           2
        3572           7
        3573           7
        3577           2
        3586           2
        3587           6
        3590           3
        3592           2
        3593           3
        3597           2
        3605          12
        3608           7
        3611          10
        3616           5
        3624           3
        3626           3
        3634           2
        3644           2
        3645           2
        3650           3
        3663           2
        3666           4
        3672           2
        3674           2
        3676           4
        3678          24
        3688           3
        3694           4
        3696           6
        3697           3
        3700           4
        3704           3
        3712           3
        3721           3
        3724           2
        3735           3
        3750           2
        3770           3
        3773           9
        3776           2
        3781           2
        3783         170
        3785           2
        3786           6
        3788           2
        3802           6
        3804          15
        3805           2
        3806          10
        3808           2
        3809           3
        3811           5
        3816           3
        3832          35
        3834           2
        3835           6
        3849           2
        3852           7
        3855           3
        3856           2
        3858          13
        3859           4
        3861          44
        3870           2
        3878           3
        3882           3
        3883           2
        3884          25
        3887           2
        3892           4
        3905           2
        3913           4
        3915           2
        3918           2
        3919           7
        3924           2
        3932           2
        3934           2
        3939           3
        3942           2
        3959           4
        3966         163
        3970           2
        3971          11
        3983           3
        3988           6
        3989           5
        4000           2
        4008           2
        4017           2
        4025           5
        4028           5
        4030           5
        4043           3
        4048           6
        4051           2
        4058           7
        4062          35
        4063           3
        4064          95
        4069           2
        4072          24
        4077           6
        4093           2
        4099           3
        4102         145
        4105           2
        4109           4
        4110           2
        4122           3
        4123          32
        4124          18
        4125          10
        4127           2
        4128           3
        4130           2
        4145          12
        4146          71
        4154           3
        4161           2
        4164           7
        4165          41
        4166           4
        4175           9
        4178           6
        4179          13
        4182           3
        4190          16
        4195           6
        4206           5
        4209           4
        4214           2
        4216           5
        4221           3
        4222           4
        4226           5
        4228           2
        4230           8
        4233           3
        4234           2
        4239         314
        4245          31
        4249           3
        4250           2
        4251          58
        4262           2
        4267           2
        4271           4
        4274           8
        4275          13
        4279           6
        4282           6
        4291           5
        4293           3
        4307          14
        4309           3
        4312           7
        4315           2
        4317          67
        4322           2
        4328           2
        4330           9
        4331           7
        4334           7
        4338           4
        4339           2
        4352           4
        4357           4
        4360           3
        4364           3
        4371           2
        4374           6
        4375           3
        4378          28
        4379           5
        4381           2
        4386           9
        4392           9
        4394           6
        4398           2
        4400           4
        4406           5
        4416           2
        4421           2
        4423          10
        4428          11
        4429           4
        4436           9
        4447           2
        4448           2
        4453           9
        4462          46
        4471           3
        4473           3
        4474           2
        4476          38
        4477           3
        4479           5
        4482         142
        4485           2
        4487           2
        4488          28
        4496           3
        4497           8
        4499           6
        4500           3
        4503          72
        4504           2
        4506           4
        4513           2
        4524           7
        4527           2
        4530           4
        4531          11
        4532          44
        4534           2
        4535           2
        4543           2
        4551           2
        4555          13
        4558          24
        4560          95
        4561           2
        4562          41
        4563           3
        4565          13
        4567           5
        4570           2
        4573           6
        4574           4
        4576           2
        4585          24
        4586           6
        4597           3
        4598           2
        4599           3
        4601           2
        4604           2
        4606           8
        4613           2
        4620          20
        4625           3
        4627           3
        4636           4
        4637           2
        4638          14
        4640          13
        4648           8
        4657           3
        4659           2
        4660           7
        4664          25
        4672           4
        4673          31
        4674          26
        4675           3
        4677           2
        4679           4
        4682           6
        4683           6
        4685          10
        4693           8
        4694           2
        4697          23
        4706           2
        4707           2
        4709           4
        4720          17
        4721           3
        4722           9
        4726          15
        4732         127
        4737           7
        4749           4
        4750           2
        4751          16
        4753           2
        4756          14
        4757           4
        4768           2
        4770          27
        4775           3
        4776          51
        4786           3
        4787          43
        4795           4
        4799           3
        4802           2
        4811           6
        4812           4
        4815           6
        4824           4
        4828           9
        4829          29
        4831           5
        4833           3
        4835           2
        4837          11
        4859          15
        4863           9
        4865           4
        4870           3
        4871           8
        4872           3
        4874           2
        4876           3
        4877           5
        4878          27
        4885           2
        4888           2
        4894           6
        4896          15
        4897         201
        4900           2
        4902           7
        4907           3
        4911          18
        4916           3
        4928           4
        4930           3
        4931           2
        4934           2
        4936          10
        4938           2
        4942          38
        4943           2
        4944           3
        4945           4
        4952           2
        4955           3
        4958           3
        4960           2
        4964           3
        4965          10
        4967           3
        4968          13
        4973           6
        4977           2
        4979          24
        4987           5
        4992           3
        4999           8
        5001           5
        5002          22
        5007           4
        5012           2
        5016           2
        5022           3
        5023           2
        5024           7
        5026          10
        5028           2
        5029          28
        5032           2
        5034          19
        5036          11
        5037          23
        5050           2
        5051           2
        5057           3
        5058          11
        5059           3
        5060           5
        5062           2
        5063          15
        5067          12
        5069           3
        5075           7
        5076           4
        5077          10
        5079          22
        5081           3
        5085           2
        5086           3
        5088          22
        5093           5
        5095           2
        5107           4
        5117           4
        5119           3
        5122           2
        5123           2
        5124           8
        5125          10
        5128           3
        5135           2
        5138           5
        5152           4
        5154           5
        5171           2
        5173          12
        5177           5
        5181           3
        5182           2
        5187           2
        5190           2
        5192          16
        5193          10
        5194           5
        5195          15
        5198           6
        5202           2
        5214           2
        5221           4
        5224           3
        5236           5
        5244           3
        5248           4
        5254           3
        5256           3
        5271           7
        5275           2
        5277           2
        5279           3
        5286           2
        5309           2
        5317           3
        5323          12
        5338           2
        5339           2
        5347           2
        5350           4
        5363           5
        5367           6
        5368           2
        5371           4
        5372           5
        5373           2
        5374           3
        5381           6
        5382           2
        5388           4
        5394           5
        5396          17
        5397           5
        5400           2
        5403           3
        5406          11
        5414           2
        5415           2
        5416          39
        5419           2
        5421           2
        5426           2
        5429           4
        5439           2
        5452           6
        5461          12
        5464           6
        5475          17
        5486           2
        5492           9
        5493           2
        5496           4
        5499          12
        5509           3
        5514           4
        5521           2
        5528           2
        5530           8
        5536           5
        5542           5
        5545           4
        5546          13
        5553          10
        5555           3
        5556           3
        5564           8
        5570           2
        5571           2
        5576           3
        5578          18
        5580           2
        5582          12
        5583           6
        5588           3
        5592           2
        5597           4
        5599           3
        5600           3
        5602          36
        5608           3
        5610           3
        5616           5
        5621           5
        5624           8
        5625           2
        5636           2
        5648           4
        5650           7
        5651           2
        5659           3
        5662          67
        5669           5
        5673           5
        5675           2
        5679           8
        5685          29
        5691          13
        5699           6
        5700          72
        5703           3
        5714           2
        5724           5
        5727           4
        5729           2
        5735           2
        5745           3
        5746           2
        5751           2
        5756           3
        5766           3
        5774           4
        5782          26
        5785           4
        5793           9
        5795          14
        5796          11
        5797           3
        5810         253
        5818           4
        5823           2
        5825           3
        5828           4
        5833           9
        5839           3
        5841           2
        5845           2
        5850          21
        5853           2
        5854          16
        5856          25
        5857           4
        5873          34
        5876           4
        5877          27
        5882           3
        5883           6
        5885           2
        5900           2
        5902           2
        5910          81
        5913           8
        5917           4
        5918           3
        5925           7
        5928           3
        5929           4
        5935          43
        5950           4
        5964           2
        5965           5
        5966           2
        5971           2
        5974           2
        5986          20
        5993          22
        5998           3
        6000          13
        6002           5
        6004           2
        6014           5
        6022           2
        6023           5
        6024          15
        6027           6
        6028           3
        6029          15
        6031           6
        6034           2
        6046          53
        6057          30
        6066           4
        6080           2
        6082           4
        6085           3
        6086           3
        6091          10
        6096           2
        6097          11
        6098           2
        6101           3
        6102           2
        6103           5
        6104           3
        6109           4
        6114           3
        6130           8
        6131           2
        6138           3
        6140           2
        6148           8
        6151           2
        6161           4
        6164           2
        6167           2
        6169          14
        6170           4
        6174           3
        6177           4
        6178           2
        6189           2
        6190           5
        6193           2
        6194           3
        6197          15
        6203           6
        6212           2
        6225           4
        6227           5
        6241           3
        6248           6
        6263         109
        6268           4
        6270           3
        6272          26
        6273          10
        6274          61
        6282           3
        6292           2
        6295          11
        6298           2
        6300           9
        6302           2
        6305           3
        6306           2
        6312          19
        6314           8
        6316           3
        6317           2
        6324           2
        6332           2
        6353           4
        6358          42
        6363           3
        6364           3
        6368           7
        6372           4
        6376           4
        6384           9
        6385           9
        6397           4
        6400           4
        6414           9
        6416           3
        6433           3
        6434        3660
        6440           8
        6443           4
        6445           2
        6448           6
        6450          30
        6451           2
        6455           2
        6460           2
        6465           4
        6476           2
        6482           3
        6491          69
        6495           2
        6499          14
        6504           4
        6507           2
        6520          10
        6522           2
        6541          18
        6543           3
        6547           6
        6554          16
        6564           2
        6569          36
        6577          16
        6580           3
        6581           5
        6594           2
        6595           2
        6596           7
        6599           7
        6604           2
        6607          18
        6608           7
        6612           7
        6615           2
        6620           3
        6625          12
        6631           2
        6632           3
        6636           5
        6642           3
        6644           2
        6647          25
        6648           2
        6654           3
        6658           3
        6665           2
        6668          63
        6669           5
        6674           6
        6676          41
        6681           3
        6688          30
        6691           2
        6692           4
        6701           4
        6704           3
        6710          15
        6714           2
        6716           2
        6719           5
        6727          14
        6743           2
        6744           3
        6747          59
        6755          16
        6756           4
        6757           2
        6761           4
        6762           2
        6763           4
        6768           6
        6774           3
        6779           2
        6787           2
        6791           4
        6806           4
        6811           3
        6812           8
        6813           3
        6828           8
        6829           2
        6830           2
        6844           2
        6846           5
        6851           3
        6855           3
        6858           5
        6860          15
        6861           3
        6866           2
        6876          13
        6888           3
        6893           2
        6895           4
        6897           2
        6898           2
        6906           3
        6918           2
        6922           5
        6939           4
        6945           3
        6949           4
        6950           3
        6958           2
        6959           8
        6964           3
        6966           3
        6971          46
        6974           2
        6979           7
        6980           2
        6982           3
        6997           2
        7022          10
        7023           2
        7024          19
        7027           2
        7039           3
        7049           2
        7058           2
        7059          25
        7060          52
        7065           2
        7069           2
        7073           2
        7074          13
        7075          27
        7085           6
        7086           3
        7091           4
        7092           2
        7093           2
        7096           2
        7106           4
        7110           4
        7114          19
        7116          18
        7120           3
        7126          53
        7128           5
        7129           6
        7130           6
        7132           3
        7135           4
        7139           7
        7140           2
        7146           9
        7150           3
        7151           4
        7162           7
        7164           2
        7170           4
        7171           2
        7178           2
        7179           3
        7180           6
        7184           9
        7185           5
        7188           3
        7199           5
        7201           2
        7202           4
        7203           4
        7204           5
        7206           7
        7208           2
        7210           8
        7211           3
        7213           5
        7218           5
        7221           4
        7222          16
        7223           8
        7231           3
        7233           7
        7238           8
        7242          17
        7244           4
        7245           7
        7263           2
        7266           3
        7274           5
        7279           6
        7283           2
        7287           5
        7289           2
        7291           7
        7292          12
        7293           5
        7295          14
        7297           2
        7303           2
        7307           8
        7314           4
        7326           5
        7328           4
        7330           2
        7332           6
        7338           8
        7342           2
        7343           3
        7360           8
        7362          38
        7364           5
        7375           3
        7376          65
        7377           6
        7378           5
        7381          28
        7384          19
        7387           2
        7395           4
        7399          11
        7414           3
        7417           2
        7420           2
        7423           3
        7424           2
        7429           2
        7431           5
        7433           3
        7439           2
        7444          13
        7446          11
        7453          16
        7455           2
        7458           2
        7459           3
        7468           5
        7478           2
        7484           2
        7488           6
        7493           9
        7495           2
        7496           2
        7498           3
        7501           3
        7504           3
        7505           2
        7508           2
        7513           7
        7516         137
        7520           2
        7528           4
        7529          19
        7530           8
        7531          14
        7542           4
        7544           3
        7547           2
        7556           2
        7559          20
        7560           6
        7561           2
        7564           4
        7569           2
        7582           2
        7588           3
        7589         112
        7601          24
        7605          12
        7611           2
        7612           4
        7614           7
        7616           6
        7617           6
        7625           5
        7626           2
        7645           2
        7646           5
        7647           3
        7654           3
        7655          32
        7656           4
        7662           2
        7669           3
        7671           2
        7675           8
        7677           3
        7689          11
        7690           3
        7691           2
        7701           2
        7707           3
        7715          19
        7717           5
        7718           5
        7719           2
        7727          74
        7742          21
        7753          41
        7754           8
        7756           2
        7757           7
        7758         111
        7761           2
        7766           2
        7768           2
        7774           7
        7787          55
        7794           3
        7797           2
        7799           2
        7800           8
        7801           2
        7802           2
        7804          15
        7817           4
        7818           5
        7819           4
        7824           4
        7828          49
        7830           2
        7834           4
        7835           2
        7836           9
        7842           5
        7843          22
        7859           4
        7866           9
        7867           6
        7868           3
        7871           2
        7875          21
        7877           2
        7889           4
        7894           2
        7899           5
        7900           2
        7909           3
        7913           2
        7915           5
        7917           7
        7919           5
        7925           2
        7930           2
        7931           3
        7935           4
        7936           3
        7939           4
        7943           5
        7944           2
        7950           3
        7953           7
        7954           4
        7962           3
        7963          11
        7967          57
        7970           9
        7971           3
        7972           2
        7977           4
        7980          13
        8000           5
        8002           2
        8009          17
        8014           3
        8015           3
        8021           6
        8030          10
        8033           6
        8037           3
        8051          15
        8053           3
        8054           9
        8056          11
        8059           2
        8062           2
        8066           4
        8068           2
        8069           4
        8075          28
        8078           2
        8083           4
        8085          14
        8090          29
        8095           3
        8096           2
        8098          21
        8102          23
        8105          10
        8106          14
        8108           9
        8109           2
        8112           8
        8122          16
        8123           2
        8140           6
        8143           3
        8145         268
        8146          14
        8148           3
        8152          10
        8153           2
        8159           2
        8165           2
        8166           2
        8167           5
        8168          35
        8169           5
        8173           7
        8178           2
        8185           2
        8195          71
        8196           5
        8201           3
        8216           2
        8218           2
        8219           2
        8224           3
        8227          15
        8231           2
        8236           3
        8242           3
        8243           4
        8247           2
        8249           3
        8255           2
        8259           2
        8264           2
        8268          16
        8272          32
        8273           2
        8277          28
        8278           2
        8281           7
        8284           3
        8288           5
        8289           2
        8304           3
        8305           4
        8306          46
        8307           2
        8315           2
        8321          16
        8326           2
        8336           2
        8337         244
        8347          18
        8359           2
        8365           4
        8369           4
        8378           2
        8379           2
        8380           3
        8381           2
        8389           2
        8390           3
        8395           2
        8401           2
        8403          22
        8409           5
        8413           3
        8416           5
        8418           3
        8429           3
        8432           2
        8439           4
        8448          38
        8449           2
        8451           4
        8463          16
        8464           9
        8465           3
        8475           2
        8481           3
        8483          24
        8486           4
        8487           2
        8488           5
        8491           3
        8504           3
        8511          37
        8519           4
        8521           4
        8533           2
        8536           4
        8538           2
        8557           7
        8565           2
        8571           6
        8580           2
        8582          10
        8583           3
        8590           3
        8591           3
        8596           2
        8601           6
        8606           2
        8609           3
        8611           4
        8619           9
        8624           7
        8631           3
        8634           6
        8647           2
        8649           3
        8653           2
        8656           2
        8659           6
        8668           2
        8669           5
        8672           2
        8674           5
        8675           2
        8679           5
        8700           6
        8701           7
        8702          23
        8709           2
        8712           2
        8714           2
        8720           3
        8723           3
        8727          14
        8728           4
        8731           6
        8737          11
        8744           2
        8747           3
        8770           2
        8778           3
        8790           7
        8792           3
        8802           2
        8804           5
        8806          65
        8814           2
        8816           2
        8821          17
        8822           5
        8823           5
        8825           2
        8828           2
        8834           5
        8844          10
        8851           2
        8853           6
        8857           4
        8861           3
        8864          54
        8865          20
        8873           8
        8876          14
        8880           2
        8881           3
        8883           2
        8893           2
        8894           3
        8900           2
        8902           2
        8904          16
        8908           2
        8912           3
        8922          18
        8926           5
        8928           2
        8933           5
        8934          11
        8953           4
        8959          18
        8961           2
        8962           2
        8968           2
        8969           2
        8977           3
        8981          22
        8988           2
        8989           3
        8994          31
        9000           4
        9003           8
        9005           2
        9013           2
        9017           7
        9022           3
        9030           2
        9035           4
        9037           2
        9041           3
        9046           4
        9049           4
        9051           4
        9052           3
        9053           7
        9055           3
        9056           3
        9058          42
        9059           4
        9063          15
        9070           2
        9073          11
        9078           8
        9080           2
        9082           6
        9083           3
        9093           2
        9098           7
        9100           2
        9101           3
        9106           3
        9109          14
        9110           4
        9114           4
        9115           7
        9117           2
        9120           2
        9124           5
        9127          19
        9128          33
        9133           3
        9137           2
        9145          92
        9151        1307
        9153          16
        9154           2
        9167           4
        9169           4
        9173           4
        9176           5
        9181           4
        9183          55
        9184           2
        9187           3
        9190           2
        9194           2
        9196           6
        9203          20
        9210           6
        9211           2
        9214           4
        9217           2
        9220           4
        9224           4
        9229           3
        9231           6
        9237          75
        9241           5
        9242          31
        9247           3
        9248          52
        9253           2
        9255           2
        9257           6
        9267           6
        9272          21
        9277           6
        9280           9
        9287           2
        9289           2
        9291          15
        9294           4
        9295           4
        9296           2
        9302           8
        9308           7
        9310           6
        9318          15
        9319          20
        9322           6
        9334           3
        9340           2
        9341           2
        9346           4
        9347           2
        9349          16
        9350           7
        9351           4
        9377           6
        9392           2
        9395           5
        9398           2
        9399           6
        9401           2
        9402           4
        9403          14
        9405           2
        9410           2
        9417           2
        9419          12
        9430           2
        9431           3
        9439           4
        9440           5
        9447           2
        9450           6
        9451           9
        9452           4
        9455           3
        9459           3
        9476          26
        9488           2
        9499          28
        9501           4
        9503           3
        9504         255
        9507           3
        9510           2
        9511          11
        9518           3
        9520           3
        9524           3
        9528          11
        9539           2
        9544           2
        9553          17
        9558           2
        9559           2
        9561           3
        9574           3
        9579           3
        9588          47
        9590           2
        9591           5
        9599           2
        9600           2
        9605          10
        9611          40
        9621           4
        9625           2
        9626           2
        9632           3
        9637           2
        9638           2
        9648          17
        9660           3
        9669          48
        9674           2
        9677           2
        9678           2
        9680           4
        9707           2
        9715           5
        9716           3
        9718          14
        9723           3
        9724           2
        9732           2
        9734           2
        9739           6
        9745           2
        9750           3
        9752           2
        9755          44
        9780           3
        9783           4
        9785           2
        9787           5
        9789           2
        9792          16
        9795           2
        9797           3
        9802           5
        9803           7
        9813          51
        9815           8
        9823           7
        9843           2
        9850           2
        9859          10
        9860           3
        9861         453
        9871           4
        9874          30
        9875           2
        9881           3
        9884          20
        9885          22
        9886          13
        9887           4
        9891          11
        9897           2
        9901          59
        9902          16
        9904           8
        9910           7
        9911           3
        9913           6
        9915           7
        9920          33
        9927          22
        9929           2
        9930           2
        9933           9
        9936           2
        9937          34
        9939           5
        9940           3
        9943           7
        9944          14
        9949          13
        9953           2
        9956           8
        9962           4
        9974           2
        9983           2
        9992           7
        9993           9
        9995           3
        9998           6
        9999           6
       10005         189
       10006          20
       10008           4
       10009           2
       10010           3
       10014           6
       10017           5
       10021          14
       10030           2
       10031        3280
       10032           3
       10034           2
       10035           6
       10041           2
       10042           3
       10045           2
       10047           8
       10053          18
       10057           2
       10059           2
       10060           4
       10062           2
       10072           3
       10073           7
       10075           4
       10078           4
       10080           2
       10083           2
       10085          17
       10086           3
       10088           7
       10091           4
       10096           3
       10097           2
       10101           5
       10110          48
       10112           3
       10117           2
       10120           2
       10123           3
       10124           7
       10129           2
       10137           5
       10140           3
       10143           5
       10144           3
       10145           2
       10148           2
       10151           2
       10152           6
       10158           2
       10170           2
       10172           4
       10177           3
       10178           5
       10189           2
       10190           8
       10191           4
       10192           2
       10195           5
       10196          43
       10209           4
       10211           4
       10219           2
       10222          15
       10225           5
       10226          10
       10227           4
       10228          80
       10233          47
       10234          20
       10238           6
       10243           3
       10250           2
       10251           2
       10252           7
       10253           9
       10255           4
       10256          20
       10266           2
       10267          17
       10274           5
       10275          23
       10278           3
       10284           5
       10286           3
       10288           3
       10292          39
       10293           4
       10306           3
       10307          12
       10311           2
       10312           2
       10315           4
       10318           7
       10329           3
       10331          17
       10333          65
       10349           4
       10354          21
       10362           5
       10365           6
       10368           2
       10371           5
       10377           2
       10380          14
       10382          70
       10390           2
       10413           2
       10415           5
       10416          77
       10417           8
       10418           2
       10423           4
       10425          23
       10428           2
       10438           2
       10443           2
       10444           4
       10446           2
       10447           6
       10455          11
       10457           5
       10458           3
       10470          11
       10473           5
       10479          22
       10480           2
       10491          79
       10492          18
       10493           3
       10496           3
       10497           6
       10498           2
       10505           2
       10507           6
       10510           4
       10512          14
       10518          10
       10519           2
       10528          17
       10542          54
       10544           7
       10546           4
       10547          22
       10551          24
       10560          10
       10566           4
       10570           2
       10582          10
       10586           2
       10587           5
       10588           2
       10593           2
       10595          15
       10603           4
       10605           5
       10606          23
       10608           4
       10611           6
       10612           3
       10614         139
       10618           2
       10620           4
       10621           4
       10629          14
       10630         253
       10632           5
       10641           2
       10643           2
       10648           8
       10651           2
       10664          12
       10665           5
       10666           4
       10669           3
       10690           6
       10695           3
       10697          10
       10699           4
       10700           4
       10704           4
       10709          14
       10720           7
       10722          16
       10723           4
       10729           2
       10732           2
       10733           4
       10734           3
       10754           2
       10758           4
       10772           5
       10773           2
       10777           4
       10779           3
       10782          55
       10789          13
       10792           2
       10796           3
       10797           2
       10801           5
       10812           4
       10823           2
       10825           6
       10827          11
       10829           2
       10834           2
       10838          14
       10843           3
       10846           5
       10848           4
       10850           3
       10851          16
       10853           2
       10855          13
       10868           4
       10871           9
       10873           5
       10874           3
       10875           6
       10876           5
       10880           8
       10881           3
       10882           6
       10888           2
       10890           3
       10896           3
       10900           5
       10901          11
       10902           2
       10907           7
       10908           7
       10909          33
       10915           3
       10936          15
       10946           2
       10948           2
       10955           3
       10964          15
       10967           2
       10969           8
       10974           2
       10981           5
       10987           2
       10988           3
       11014           3
       11015           5
       11020           2
       11021           3
       11031           3
       11032         111
       11037           2
       11040           6
       11052          11
       11054           3
       11061           4
       11068           2
       11070           3
       11072           2
       11081           3
       11091           3
       11094           3
       11095           2
       11106           9
       11110           2
       11114           2
       11119           2
       11127          57
       11130           8
       11131           2
       11133          12
       11139          12
       11148           2
       11149           4
       11152           2
       11156           4
       11157           2
       11166          16
       11169           3
       11178           2
       11179           2
       11183           7
       11187          17
       11189           4
       11195           2
       11197           2
       11198           4
       11200         467
       11203           4
       11204          12
       11211           8
       11216           2
       11222          15
       11226          51
       11230          24
       11231           3
       11233           3
       11238           2
       11256           8
       11258          25
       11259           2
       11261           4
       11262          16
       11263           6
       11266           2
       11280           2
       11284          10
       11290           3
       11296           8
       11298           6
       11300          22
       11302         113
       11310           2
       11312           2
       11313           2
       11315           6
       11319           7
       11325           2
       11335           2
       11336           4
       11343           3
       11347          14
       11354          11
       11355          27
       11361           3
       11363          23
       11364           2
       11365           4
       11369          53
       11378          11
       11380           4
       11386           3
       11396           3
       11399           2
       11401          11
       11414           9
       11421         400
       11424           3
       11440           2
       11444           4
       11455           2
       11457           7
       11458          11
       11462          35
       11472          76
       11481          23
       11485           2
       11493           2
       11503          10
       11506           2
       11508           2
       11515          11
       11517           4
       11524         158
       11529           2
       11532           2
       11533           6
       11541           7
       11546           2
       11547           3
       11557           2
       11562           5
       11563           8
       11564           3
       11568           3
       11571          14
       11575           2
       11577           9
       11579           4
       11581           2
       11585           2
       11592           9
       11593           5
       11601           3
       11602           8
       11604           2
       11607           2
       11610           2
       11611           3
       11617           3
       11619           2
       11620           2
       11624           2
       11640           3
       11643          12
       11651           6
       11652           6
       11654           2
       11665           2
       11669          11
       11670           3
       11673          14
       11676           3
       11677          40
       11678           2
       11680           3
       11684           2
       11685           3
       11711           4
       11712           9
       11715           6
       11719           3
       11720         143
       11725           8
       11727           2
       11732          14
       11734           3
       11738          15
       11746           4
       11752           3
       11756           4
       11766           4
       11780          23
       11781           2
       11784          22
       11790           2
       11791          16
       11796           4
       11806           4
       11807           3
       11809           2
       11811           2
       11818           3
       11823           2
       11830           4
       11831           2
       11837           2
       11840          10
       11844           7
       11845          10
       11852          10
       11856          37
       11857           6
       11866           2
       11868          26
       11873           2
       11874           4
       11876           3
       11884           5
       11885           6
       11896           6
       11898           3
       11905           5
       11907          11
       11914           7
       11920           5
       11928           7
       11930           2
       11933           2
       11935           3
       11939          24
       11942           5
       11948           2
       11952           2
       11960           2
       11966           2
       11967           3
       11973          19
       11978           4
       11983          32
       11988          21
       11989          21
       11997           3
       12001          28
       12009           5
       12014          87
       12016          10
       12021          86
       12026           2
       12027           9
       12029           3
       12030           3
       12032          55
       12033          10
       12039           7
       12048          65
       12053          34
       12055           2
       12056           6
       12057           3
       12061           3
       12063           2
       12069          11
       12071          10
       12077          21
       12079           2
       12083          13
       12087          14
       12088          10
       12089          20
       12097          23
       12099          34
       12105           3
       12119           2
       12120           5
       12121          27
       12122           3
       12123          11
       12130           7
       12132           3
       12133           5
       12135           9
       12139           2
       12140           4
       12141           2
       12144          16
       12147          10
       12148          16
       12156          13
       12159           5
       12163           3
       12165          11
       12166           4
       12167           8
       12168          12
       12171          16
       12173           6
       12175           9
       12177          19
       12179           9
       12180          15
       12182           2
       12188          11
       12190           5
       12202           2
       12203           6
       12205          12
       12211           6
       12214           7
       12216          10
       12217          11
       12219           2
       12221           2
       12223           2
       12225           4
       12226           5
       12228           3
       12229           3
       12230           2
       12232           5
       12236           2
       12237           3
       12238           4
       12239           5
       12242           5
       12244           3
       12245           2
       12246           2
 	size  	nos of cluster	
 m=      157121
           1        3938
           2         846
           3         478
           4         303
           5         205
           6         154
           7         109
           8          77
           9          56
          10          51
          11          50
          12          34
          13          27
          14          35
          15          32
          16          39
          17          22
          18          16
          19          21
          20          16
          21          13
          22          21
          23          18
          24          12
          25          10
          26          11
          27          10
          28          11
          29           3
          30           7
          31           5
          32           7
          33           4
          34           4
          35           7
          36           3
          37           2
          38           6
          39           7
          40           2
          41           4
          42           3
          43           4
          44           3
          46           6
          47           2
          48           4
          49           1
          51           3
          52           3
          53           3
          54           3
          55           4
          56           1
          57           2
          58           4
          59           2
          61           1
          63           2
          65           5
          66           1
          67           3
          68           1
          69           2
          70           2
          71           3
          72           2
          73           1
          74           1
          75           1
          76           1
          77           1
          79           1
          80           1
          81           1
          82           1
          86           1
          87           2
          90           1
          91           1
          92           1
          95           2
         102           1
         104           2
         107           1
         109           1
         111           2
         112           1
         113           1
         114           1
         119           1
         127           1
         132           1
         133           1
         137           1
         138           1
         139           1
         142           1
         143           1
         145           1
         158           1
         163           1
         170           1
         185           1
         189           1
         190           1
         201           1
         244           1
         253           2
         255           1
         268           1
         290           1
         314           1
         400           1
         453           1
         467           1
         589           1
        1040           1
        1307           1
        3280           1
        3660           1
       20069           1
       93399           1
